function QA = Quant(Quan)
    % Quantization Matricies
    F0 = repmat(255,8,8);

    F10 = [80 60 50 80 120 200 255 255; 
          55 60 70 95 130 255 255 255;
          70 65 80 120 200 255 255 255;
          70 85 110 145 255 255 255 255;
          90 110 185 255 255 255 255 255;
          120 175 255 255 255 255 255 255;
          245 255 255 255 255 255 255 255;
          255 255 255 255 255 255 255 255];

    F50 = [16 11 10 16 24 40 51 61; 
          12 12 14 19 26 58 60 55; 
          14 13 16 24 40 57 69 56; 
          14 17 22 29 51 87 80 62; 
          18 22 37 56 68 109 103 77; 
          24 35 55 64 81 104 113 92; 
          49 64 78 87 103 121 120 101; 
          72 92 95 98 112 100 103 99];

    F100 = ones(8);
    
    % Choosing the Level of Quantization
    F = cat(4,F0,F10,F50,F100);
    QA = F(:,:,:,Quan);
end
